4 0.16276041666666666 0.4740740740740741 0.019270833333333334 0.024074074074074074
3 0.25416666666666665 0.24305555555555555 0.027083333333333334 0.075
3 0.6286458333333333 0.20046296296296298 0.020833333333333332 0.021296296296296296
2 0.36354166666666665 0.3564814814814815 0.016666666666666666 0.020370370370370372
1 0.5736979166666667 0.2300925925925926 0.018229166666666668 0.030555555555555558
1 0.5963541666666666 0.15324074074074073 0.009375 0.02314814814814815
1 0.5294270833333333 0.1328703703703704 0.008854166666666666 0.02314814814814815
0 0.4848958333333333 0.18888888888888888 0.013541666666666667 0.024074074074074074
2 0.38046875 0.22592592592592595 0.015104166666666667 0.012962962962962964
0 0.40234375 0.1615740740740741 0.013020833333333334 0.021296296296296296
0 0.43359375 0.1125 0.0078125 0.015740740740740743
2 0.18307291666666667 0.22175925925925927 0.013020833333333334 0.01388888888888889
2 0.66953125 0.18472222222222223 0.009895833333333333 0.010185185185185186
1 0.8169270833333333 0.19351851851851853 0.011979166666666666 0.018518518518518517
0 0.32005208333333335 0.11111111111111112 0.0078125 0.014814814814814815
4 0.3151041666666667 0.18888888888888888 0.010416666666666666 0.014814814814814815
4 0.5 0.28101851851851856 0.0125 0.017592592592592594
