3 0.2552083333333333 0.24305555555555555 0.026041666666666668 0.075
2 0.36302083333333335 0.35462962962962963 0.020833333333333332 0.022222222222222223
2 0.3807291666666667 0.22453703703703703 0.014583333333333334 0.015740740740740743
2 0.18359375 0.22037037037037038 0.013020833333333334 0.014814814814814815
1 0.5736979166666667 0.2300925925925926 0.019270833333333334 0.032407407407407406
1 0.5955729166666667 0.1527777777777778 0.0109375 0.02592592592592593
1 0.5286458333333334 0.13101851851851853 0.009375 0.02314814814814815
3 0.6294270833333333 0.19907407407407407 0.022395833333333334 0.02592592592592593
0 0.48463541666666665 0.18796296296296297 0.0140625 0.024074074074074074
0 0.40234375 0.1625 0.013020833333333334 0.021296296296296296
0 0.43359375 0.11203703703703705 0.0078125 0.014814814814814815
4 0.16145833333333334 0.47453703703703703 0.017708333333333333 0.019444444444444445
4 0.31484375 0.18888888888888888 0.011979166666666666 0.018518518518518517
4 0.5002604166666667 0.28101851851851856 0.0109375 0.015740740740740743
2 0.6697916666666667 0.1851851851851852 0.010416666666666666 0.014814814814814815
1 0.8171875 0.19398148148148148 0.0125 0.019444444444444445
0 0.3203125 0.11111111111111112 0.010416666666666666 0.016666666666666666
