2 0.5252604166666667 0.4 0.022395833333333334 0.03333333333333333
1 0.14348958333333334 0.3106481481481482 0.0390625 0.04537037037037037
3 0.33046875 0.3462962962962963 0.0296875 0.05
0 0.28671875 0.23333333333333334 0.0203125 0.031481481481481485
0 0.3453125 0.18611111111111112 0.021875 0.024074074074074074
1 0.5609375 0.2814814814814815 0.020833333333333332 0.04259259259259259
1 0.5778645833333333 0.22037037037037038 0.01614583333333333 0.03333333333333333
3 0.7463541666666667 0.27037037037037037 0.026041666666666668 0.03333333333333333
0 0.5682291666666667 0.16620370370370371 0.0125 0.017592592592592594
4 0.46067708333333335 0.20694444444444446 0.0109375 0.026851851851851852
4 0.25338541666666664 0.17916666666666667 0.0140625 0.019444444444444445
2 0.16223958333333333 0.21481481481481482 0.015104166666666667 0.024074074074074074
2 0.15911458333333334 0.16527777777777777 0.0171875 0.021296296296296296
3 0.04765625 0.1800925925925926 0.024479166666666666 0.06018518518518519
3 0.09140625 0.13703703703703704 0.0359375 0.020370370370370372
4 0.005208333333333333 0.2976851851851852 0.009375 0.021296296296296296
1 0.9473958333333333 0.962962962962963 0.08645833333333333 0.07407407407407407
