1 0.20026041666666666 0.2657407407407408 0.030729166666666665 0.03888888888888889
3 0.33359375 0.3092592592592593 0.03177083333333333 0.044444444444444446
2 0.48723958333333334 0.3787037037037037 0.021354166666666667 0.02962962962962963
1 0.5611979166666666 0.27870370370370373 0.021354166666666667 0.0462962962962963
1 0.6041666666666666 0.22453703703703703 0.017708333333333333 0.03796296296296296
3 0.7669270833333334 0.2898148148148148 0.024479166666666666 0.037037037037037035
0 0.6166666666666667 0.1763888888888889 0.013541666666666667 0.019444444444444445
0 0.3989583333333333 0.17962962962962964 0.017708333333333333 0.022222222222222223
0 0.3333333333333333 0.21574074074074076 0.019791666666666666 0.02777777777777778
4 0.10833333333333334 0.24351851851851852 0.014583333333333334 0.016666666666666666
2 0.0296875 0.21296296296296297 0.017708333333333333 0.022222222222222223
2 0.24401041666666667 0.18981481481481483 0.013020833333333334 0.018518518518518517
4 0.25625 0.15185185185185185 0.0125 0.016666666666666666
3 0.16458333333333333 0.15601851851851853 0.017708333333333333 0.05277777777777778
3 0.21171874999999998 0.12546296296296297 0.028645833333333332 0.019444444444444445
4 0.3265625 0.16805555555555557 0.0125 0.01388888888888889
4 0.49583333333333335 0.20694444444444446 0.008333333333333333 0.025
1 0.6765625 0.9578703703703704 0.08125 0.08425925925925926
