2 0.4184895833333333 0.5125000000000001 0.0359375 0.04722222222222222
1 0.6236979166666666 0.4087962962962963 0.025520833333333333 0.05648148148148149
1 0.7567708333333333 0.3439814814814815 0.025 0.04722222222222222
0 0.8361979166666667 0.2763888888888889 0.018229166666666668 0.02314814814814815
0 0.55 0.21157407407407408 0.019791666666666666 0.026851851851851852
0 0.4515625 0.23564814814814816 0.015625 0.028703703703703703
3 0.34791666666666665 0.3421296296296296 0.04583333333333333 0.04166666666666667
1 0.29973958333333334 0.25324074074074077 0.0265625 0.032407407407407406
2 0.2622395833333333 0.16990740740740742 0.013020833333333334 0.017592592592592594
4 0.27708333333333335 0.20972222222222223 0.013541666666666667 0.017592592592592594
4 0.6317708333333333 0.27361111111111114 0.010416666666666666 0.03425925925925926
4 0.49973958333333335 0.18472222222222223 0.013020833333333334 0.015740740740740743
2 0.40989583333333335 0.1902777777777778 0.015625 0.019444444444444445
2 0.45677083333333335 0.15601851851851853 0.011458333333333333 0.015740740740740743
3 0.371875 0.1449074074074074 0.0125 0.04537037037037037
