2 0.29973958333333334 0.5523148148148148 0.043229166666666666 0.05092592592592593
1 0.57734375 0.47175925925925927 0.03177083333333333 0.0712962962962963
1 0.7888020833333333 0.4217592592592593 0.030729166666666665 0.058333333333333334
3 0.3208333333333333 0.3402777777777778 0.05625 0.04166666666666667
1 0.3247395833333333 0.24120370370370373 0.025520833333333333 0.028703703703703703
0 0.47994791666666664 0.24305555555555555 0.015104166666666667 0.026851851851851852
0 0.5973958333333333 0.2263888888888889 0.017708333333333333 0.025
0 0.9450520833333333 0.3490740740740741 0.0203125 0.02592592592592593
4 0.6653645833333334 0.30462962962962964 0.009895833333333333 0.024074074074074074
4 0.5588541666666667 0.19074074074074074 0.011458333333333333 0.014814814814814815
2 0.46249999999999997 0.19074074074074074 0.013541666666666667 0.016666666666666666
2 0.33567708333333335 0.15925925925925927 0.013020833333333334 0.016666666666666666
4 0.3294270833333333 0.19907407407407407 0.0109375 0.018518518518518517
3 0.43906249999999997 0.14120370370370372 0.010416666666666666 0.04351851851851852
