2 0.16979166666666667 0.5185185185185185 0.0375 0.0462962962962963
1 0.4588541666666667 0.4935185185185185 0.035416666666666666 0.07592592592592592
1 0.72890625 0.4777777777777778 0.034895833333333334 0.07222222222222223
3 0.275 0.3194444444444445 0.04791666666666666 0.04259259259259259
1 0.32421875 0.22777777777777777 0.025520833333333333 0.031481481481481485
0 0.47421874999999997 0.24027777777777778 0.0171875 0.028703703703703703
0 0.98515625 0.4199074074074074 0.028645833333333332 0.036111111111111115
0 0.60546875 0.23657407407407408 0.015104166666666667 0.026851851851851852
0 0.8984375 0.27824074074074073 0.017708333333333333 0.025
4 0.64453125 0.325 0.009895833333333333 0.02962962962962963
4 0.5828125 0.19722222222222224 0.0125 0.012962962962962964
2 0.4825520833333333 0.18888888888888888 0.0140625 0.018518518518518517
4 0.353125 0.18703703703703706 0.0125 0.020370370370370372
2 0.37578125 0.15046296296296297 0.011979166666666666 0.017592592592592594
3 0.4747395833333333 0.14027777777777778 0.0109375 0.04351851851851852
