2 0.1671875 0.5171296296296296 0.03333333333333333 0.032407407407407406
1 0.45729166666666665 0.4935185185185185 0.03229166666666666 0.07592592592592592
1 0.7286458333333333 0.4800925925925926 0.035416666666666666 0.06944444444444445
3 0.2734375 0.3199074074074074 0.05 0.03796296296296296
1 0.3234375 0.22731481481481483 0.026041666666666668 0.028703703703703703
0 0.47239583333333335 0.24074074074074076 0.016666666666666666 0.02962962962962963
0 0.6036458333333333 0.23611111111111113 0.016666666666666666 0.02592592592592593
4 0.64375 0.325 0.008333333333333333 0.024074074074074074
0 0.9841145833333333 0.42083333333333334 0.025520833333333333 0.032407407407407406
0 0.8973958333333333 0.2796296296296296 0.016666666666666666 0.02592592592592593
2 0.48151041666666666 0.18888888888888888 0.011979166666666666 0.014814814814814815
4 0.5817708333333333 0.19722222222222224 0.011458333333333333 0.014814814814814815
4 0.35130208333333335 0.18703703703703706 0.009895833333333333 0.016666666666666666
2 0.37473958333333335 0.15046296296296297 0.013020833333333334 0.019444444444444445
3 0.47369791666666666 0.13935185185185187 0.009895833333333333 0.04166666666666667
