1 0.5515625 0.5148148148148148 0.03333333333333333 0.07407407407407407
1 0.259375 0.49768518518518523 0.041666666666666664 0.0787037037037037
0 0.91171875 0.4842592592592593 0.030729166666666665 0.03888888888888889
0 0.8776041666666666 0.31342592592592594 0.019791666666666666 0.032407407407407406
3 0.18333333333333332 0.31342592592592594 0.05 0.03981481481481482
1 0.2755208333333333 0.22916666666666669 0.025 0.030555555555555558
4 0.5494791666666666 0.3458333333333333 0.009375 0.030555555555555558
0 0.41432291666666665 0.24861111111111112 0.01614583333333333 0.028703703703703703
0 0.5541666666666667 0.25277777777777777 0.013541666666666667 0.031481481481481485
4 0.5549479166666667 0.21296296296296297 0.015104166666666667 0.014814814814814815
2 0.009114583333333334 0.48842592592592593 0.0171875 0.03796296296296296
2 0.45416666666666666 0.20092592592592592 0.015625 0.022222222222222223
4 0.32760416666666664 0.19490740740740742 0.010416666666666666 0.015740740740740743
3 0.4630208333333333 0.15185185185185185 0.009375 0.044444444444444446
