1 0.39765625 0.5111111111111112 0.0359375 0.07962962962962963
1 0.14114583333333333 0.4412037037037037 0.04375 0.075
0 0.8322916666666667 0.5578703703703703 0.030208333333333334 0.049074074074074076
0 0.8760416666666666 0.3611111111111111 0.021875 0.037037037037037035
4 0.48541666666666666 0.3439814814814815 0.0125 0.030555555555555558
0 0.3953125 0.23472222222222222 0.01875 0.032407407407407406
0 0.53359375 0.25462962962962965 0.0171875 0.02962962962962963
3 0.16197916666666667 0.27083333333333337 0.04375 0.03796296296296296
1 0.27682291666666664 0.20462962962962963 0.022395833333333334 0.02962962962962963
2 0.4583333333333333 0.1925925925925926 0.013541666666666667 0.016666666666666666
4 0.5557291666666666 0.2152777777777778 0.014583333333333334 0.017592592592592594
4 0.34270833333333334 0.1763888888888889 0.0125 0.017592592592592594
3 0.4822916666666667 0.14675925925925926 0.010416666666666666 0.04537037037037037
