1 0.2833333333333333 0.4439814814814815 0.040625 0.07685185185185185
0 0.69375 0.5421296296296296 0.028125 0.04166666666666667
0 0.8322916666666667 0.36435185185185187 0.022916666666666665 0.03796296296296296
1 0.09635416666666667 0.3699074074074074 0.0375 0.062037037037037036
3 0.16614583333333333 0.23472222222222222 0.036458333333333336 0.03425925925925926
1 0.28411458333333334 0.18564814814814815 0.019270833333333334 0.028703703703703703
0 0.3802083333333333 0.21666666666666667 0.01875 0.031481481481481485
0 0.5067708333333333 0.24074074074074076 0.01875 0.02962962962962963
4 0.4265625 0.3162037037037037 0.0125 0.028703703703703703
2 0.4578125 0.1814814814814815 0.013541666666666667 0.018518518518518517
3 0.4921875 0.13842592592592592 0.009375 0.04351851851851852
4 0.5471354166666667 0.20462962962962963 0.011979166666666666 0.016666666666666666
4 0.3546875 0.16203703703703703 0.013541666666666667 0.018518518518518517
2 0.4125 0.13935185185185187 0.0125 0.017592592592592594
3 0.6330729166666667 0.1486111111111111 0.013020833333333334 0.017592592592592594
