4 0.16223958333333333 0.47314814814814815 0.018229166666666668 0.022222222222222223
3 0.2544270833333333 0.2425925925925926 0.024479166666666666 0.07407407407407407
2 0.36302083333333335 0.35555555555555557 0.019791666666666666 0.022222222222222223
2 0.3802083333333333 0.22453703703703703 0.013541666666666667 0.015740740740740743
2 0.1828125 0.22175925925925927 0.0125 0.015740740740740743
1 0.5744791666666667 0.22962962962962963 0.01875 0.031481481481481485
1 0.52890625 0.13240740740740742 0.0109375 0.024074074074074074
1 0.59609375 0.15324074074074073 0.0109375 0.02314814814814815
3 0.6286458333333333 0.19953703703703704 0.022916666666666665 0.025
0 0.4848958333333333 0.18981481481481483 0.013541666666666667 0.022222222222222223
0 0.40182291666666664 0.16342592592592592 0.0140625 0.021296296296296296
0 0.43307291666666664 0.11296296296296297 0.009895833333333333 0.016666666666666666
2 0.6697916666666667 0.18425925925925926 0.0125 0.014814814814814815
4 0.3151041666666667 0.18842592592592594 0.008333333333333333 0.01388888888888889
4 0.50078125 0.2814814814814815 0.013020833333333334 0.018518518518518517
1 0.8169270833333333 0.19444444444444445 0.0109375 0.018518518518518517
0 0.3203125 0.11157407407407408 0.009375 0.015740740740740743
