1 0.4166666666666667 0.4189814814814815 0.03125 0.06574074074074074
1 0.31875 0.30648148148148147 0.026041666666666668 0.05185185185185186
1 0.034895833333333334 0.20231481481481484 0.030208333333333334 0.032407407407407406
1 0.5013020833333334 0.18935185185185185 0.015104166666666667 0.025
0 0.8098958333333334 0.7356481481481482 0.034375 0.058333333333333334
0 0.68828125 0.28935185185185186 0.0203125 0.028703703703703703
0 0.5721354166666667 0.23564814814814816 0.01614583333333333 0.026851851851851852
4 0.5809895833333333 0.3425925925925926 0.0109375 0.03333333333333333
4 0.75078125 0.2638888888888889 0.013020833333333334 0.024074074074074074
3 0.4015625 0.2111111111111111 0.025 0.02962962962962963
2 0.6604166666666667 0.21944444444444444 0.015625 0.012962962962962964
3 0.7057291666666666 0.18472222222222223 0.014583333333333334 0.04537037037037037
2 0.2677083333333333 0.2476851851851852 0.016666666666666666 0.019444444444444445
3 0.8815104166666666 0.22314814814814815 0.019270833333333334 0.024074074074074074
4 0.5677083333333334 0.1824074074074074 0.013541666666666667 0.020370370370370372
2 0.6291666666666667 0.17083333333333334 0.014583333333333334 0.019444444444444445
