1 0.2752604166666667 0.45416666666666666 0.0328125 0.062037037037037036
1 0.20104166666666667 0.33287037037037037 0.027083333333333334 0.04722222222222222
0 0.6572916666666666 0.7958333333333334 0.035416666666666666 0.06574074074074074
0 0.615625 0.27546296296296297 0.017708333333333333 0.028703703703703703
0 0.49921875 0.2300925925925926 0.01614583333333333 0.026851851851851852
1 0.43385416666666665 0.18842592592592594 0.015625 0.025
4 0.48463541666666665 0.34490740740740744 0.0109375 0.030555555555555558
2 0.5994791666666667 0.20324074074074075 0.013541666666666667 0.017592592592592594
3 0.6528645833333333 0.16203703703703703 0.013020833333333334 0.05
2 0.165625 0.274537037037037 0.016666666666666666 0.021296296296296296
3 0.3208333333333333 0.22175925925925927 0.025 0.028703703703703703
2 0.7442708333333333 0.20925925925925926 0.015625 0.022222222222222223
4 0.6888020833333334 0.24212962962962964 0.011979166666666666 0.021296296296296296
2 0.5765625 0.15555555555555556 0.010416666666666666 0.016666666666666666
4 0.5096354166666667 0.1726851851851852 0.0109375 0.015740740740740743
