1 0.07760416666666667 0.49583333333333335 0.052083333333333336 0.08796296296296297
1 0.07604166666666666 0.3421296296296296 0.035416666666666666 0.05277777777777778
4 0.37604166666666666 0.38842592592592595 0.014583333333333334 0.03425925925925926
0 0.44427083333333334 0.25462962962962965 0.017708333333333333 0.031481481481481485
0 0.553125 0.3199074074074074 0.020833333333333332 0.032407407407407406
2 0.5677083333333334 0.23750000000000002 0.017708333333333333 0.02314814814814815
1 0.39296875 0.2050925925925926 0.0171875 0.026851851851851852
3 0.26015625 0.23055555555555557 0.024479166666666666 0.03333333333333333
2 0.08020833333333333 0.27083333333333337 0.019791666666666666 0.021296296296296296
3 0.6338541666666666 0.19768518518518519 0.014583333333333334 0.05092592592592593
4 0.48333333333333334 0.19398148148148148 0.0125 0.015740740740740743
4 0.6526041666666667 0.28935185185185186 0.015625 0.021296296296296296
2 0.7263020833333333 0.25833333333333336 0.0171875 0.022222222222222223
2 0.5611979166666666 0.18101851851851852 0.011979166666666666 0.017592592592592594
0 0.9822916666666667 0.8060185185185186 0.035416666666666666 0.0787037037037037
