1 0.15494791666666666 0.4291666666666667 0.04739583333333333 0.06759259259259259
1 0.24505208333333334 0.2925925925925926 0.027604166666666666 0.0462962962962963
1 0.20182291666666666 0.16620370370370371 0.0203125 0.02314814814814815
2 0.2947916666666667 0.23425925925925928 0.016666666666666666 0.020370370370370372
4 0.425 0.4217592592592593 0.013541666666666667 0.032407407407407406
0 0.659375 0.4101851851851852 0.028125 0.04259259259259259
0 0.5783854166666667 0.3 0.019270833333333334 0.03333333333333333
4 0.66328125 0.24120370370370373 0.013020833333333334 0.017592592592592594
4 0.8286458333333333 0.4134259259259259 0.01875 0.028703703703703703
2 0.7401041666666667 0.31157407407407406 0.019791666666666666 0.02314814814814815
2 0.98125 0.4046296296296297 0.01875 0.02592592592592593
2 0.7684895833333333 0.24444444444444446 0.0140625 0.014814814814814815
3 0.85390625 0.2814814814814815 0.022395833333333334 0.06481481481481481
3 0.43124999999999997 0.2300925925925926 0.014583333333333334 0.028703703703703703
1 0.559375 0.23240740740740742 0.014583333333333334 0.02777777777777778
