1 0.04791666666666666 0.34675925925925927 0.03958333333333333 0.05648148148148149
1 0.20364583333333333 0.2476851851851852 0.021875 0.03796296296296296
4 0.2640625 0.38472222222222224 0.013541666666666667 0.032407407407407406
2 0.2903645833333333 0.20740740740740743 0.01614583333333333 0.022222222222222223
1 0.25677083333333334 0.14212962962962963 0.017708333333333333 0.021296296296296296
3 0.40911458333333334 0.21666666666666667 0.015104166666666667 0.02962962962962963
0 0.5028645833333333 0.42314814814814816 0.034895833333333334 0.040740740740740744
0 0.5078125 0.2986111111111111 0.019791666666666666 0.032407407407407406
1 0.5385416666666667 0.23194444444444445 0.017708333333333333 0.028703703703703703
2 0.6932291666666667 0.33842592592592596 0.021875 0.025
2 0.78984375 0.27314814814814814 0.018229166666666668 0.020370370370370372
4 0.65703125 0.25324074074074077 0.0140625 0.017592592592592594
4 0.7229166666666667 0.4712962962962963 0.016666666666666666 0.02962962962962963
3 0.8552083333333333 0.32685185185185184 0.029166666666666667 0.07592592592592592
2 0.9674479166666666 0.5069444444444444 0.028645833333333332 0.036111111111111115
