4 0.12421875 0.3388888888888889 0.011979166666666666 0.02962962962962963
1 0.15729166666666666 0.24722222222222223 0.020833333333333332 0.031481481481481485
0 0.36640625 0.2865740740740741 0.018229166666666668 0.028703703703703703
1 0.4458333333333333 0.23935185185185187 0.017708333333333333 0.026851851851851852
1 0.26510416666666664 0.1712962962962963 0.015625 0.018518518518518517
2 0.25494791666666666 0.2199074074074074 0.0140625 0.015740740740740743
1 0.00859375 0.3060185185185185 0.01614583333333333 0.04166666666666667
4 0.4421875 0.42824074074074076 0.021875 0.026851851851851852
2 0.6630208333333333 0.4791666666666667 0.022916666666666665 0.030555555555555558
3 0.6700520833333333 0.3231481481481482 0.021354166666666667 0.07037037037037037
2 0.6770833333333334 0.28055555555555556 0.015625 0.012962962962962964
2 0.51484375 0.32962962962962966 0.013020833333333334 0.018518518518518517
4 0.55 0.2606481481481482 0.0125 0.01388888888888889
3 0.3403645833333333 0.2263888888888889 0.0171875 0.025
