1 0.008333333333333333 0.3060185185185185 0.015625 0.04166666666666667
1 0.15729166666666666 0.24583333333333335 0.020833333333333332 0.036111111111111115
1 0.265625 0.1712962962962963 0.014583333333333334 0.018518518518518517
1 0.4458333333333333 0.23935185185185187 0.017708333333333333 0.025
4 0.125 0.33981481481481485 0.0125 0.031481481481481485
4 0.44166666666666665 0.4287037037037037 0.020833333333333332 0.024074074074074074
4 0.5502604166666667 0.2611111111111111 0.013020833333333334 0.014814814814814815
2 0.6627604166666666 0.48240740740740745 0.022395833333333334 0.03333333333333333
2 0.5151041666666667 0.32962962962962966 0.0125 0.018518518518518517
3 0.6697916666666667 0.32407407407407407 0.021875 0.07407407407407407
2 0.67734375 0.2796296296296296 0.018229166666666668 0.018518518518518517
0 0.3671875 0.28703703703703703 0.017708333333333333 0.02777777777777778
0 0.2755208333333333 0.375462962962963 0.030208333333333334 0.03425925925925926
2 0.2544270833333333 0.21944444444444444 0.01614583333333333 0.018518518518518517
3 0.34088541666666666 0.22685185185185186 0.01614583333333333 0.022222222222222223
