1 0.12213541666666666 0.487962962962963 0.0203125 0.03518518518518519
1 0.26276041666666666 0.45555555555555555 0.01614583333333333 0.02777777777777778
4 0.21302083333333333 0.5194444444444445 0.013541666666666667 0.02777777777777778
0 0.3385416666666667 0.5546296296296297 0.028125 0.040740740740740744
0 0.44166666666666665 0.4930555555555556 0.017708333333333333 0.025
4 0.5036458333333333 0.6166666666666667 0.021875 0.02777777777777778
2 0.7791666666666667 0.6939814814814815 0.030208333333333334 0.04166666666666667
3 0.76953125 0.5319444444444444 0.025520833333333333 0.08425925925925926
1 0.5216145833333333 0.46111111111111114 0.018229166666666668 0.024074074074074074
4 0.6276041666666666 0.4828703703703704 0.0125 0.015740740740740743
2 0.35182291666666665 0.4449074074074074 0.015104166666666667 0.015740740740740743
3 0.09895833333333333 0.45740740740740743 0.029166666666666667 0.02592592592592593
1 0.3677083333333333 0.4134259259259259 0.011458333333333333 0.01388888888888889
3 0.42526041666666664 0.4513888888888889 0.0171875 0.019444444444444445
