2 0.8174479166666666 0.7652777777777778 0.0390625 0.049074074074074076
0 0.12239583333333333 0.4935185185185185 0.019791666666666666 0.02777777777777778
1 0.3364583333333333 0.4564814814814815 0.015625 0.02592592592592593
1 0.43463541666666666 0.4467592592592593 0.011979166666666666 0.025
4 0.3833333333333333 0.4902777777777778 0.009375 0.026851851851851852
0 0.45416666666666666 0.5324074074074074 0.020833333333333332 0.03333333333333333
4 0.565625 0.6101851851851852 0.022916666666666665 0.02592592592592593
0 0.5609375 0.4953703703703704 0.016666666666666666 0.024074074074074074
2 0.68671875 0.5578703703703703 0.01614583333333333 0.021296296296296296
2 0.9369791666666667 0.5717592592592593 0.027083333333333334 0.025
4 0.7578125 0.5180555555555556 0.015625 0.017592592592592594
1 0.65 0.4800925925925926 0.01875 0.025
3 0.56484375 0.45925925925925926 0.01614583333333333 0.016666666666666666
2 0.50703125 0.4444444444444445 0.011979166666666666 0.012962962962962964
1 0.5309895833333333 0.4203703703703704 0.009895833333333333 0.012962962962962964
