2 0.30885416666666665 0.6240740740740741 0.030208333333333334 0.031481481481481485
3 0.23854166666666665 0.5060185185185185 0.025 0.07685185185185185
1 0.6052083333333333 0.49212962962962964 0.020833333333333332 0.032407407407407406
1 0.64140625 0.4310185185185185 0.011979166666666666 0.021296296296296296
1 0.5736979166666667 0.4185185185185185 0.009895833333333333 0.020370370370370372
3 0.6734375 0.4666666666666667 0.027083333333333334 0.022222222222222223
2 0.7221354166666667 0.4550925925925926 0.0109375 0.012037037037037037
0 0.4375 0.44351851851851853 0.011458333333333333 0.018518518518518517
0 0.5158854166666667 0.46111111111111114 0.013020833333333334 0.020370370370370372
4 0.5177083333333333 0.43333333333333335 0.007291666666666667 0.018518518518518517
2 0.39348958333333334 0.4930555555555556 0.015104166666666667 0.017592592592592594
4 0.50859375 0.5430555555555556 0.0140625 0.015740740740740743
1 0.9002604166666667 0.4564814814814815 0.015104166666666667 0.022222222222222223
2 0.1984375 0.4935185185185185 0.015625 0.020370370370370372
4 0.34296875 0.46620370370370373 0.0109375 0.015740740740740743
