2 0.02395833333333333 0.7212962962962963 0.046875 0.053703703703703705
2 0.2591145833333333 0.513425925925926 0.0234375 0.025
3 0.01953125 0.5388888888888889 0.03802083333333333 0.0962962962962963
4 0.3677083333333333 0.5833333333333334 0.016666666666666666 0.016666666666666666
4 0.22161458333333334 0.47685185185185186 0.0140625 0.014814814814814815
1 0.51484375 0.5120370370370371 0.0234375 0.03888888888888889
1 0.5153645833333333 0.42083333333333334 0.0109375 0.025
1 0.584375 0.4361111111111111 0.013541666666666667 0.02592592592592593
0 0.4265625 0.4712962962962963 0.015625 0.02777777777777778
0 0.34791666666666665 0.44953703703703707 0.014583333333333334 0.02314814814814815
3 0.60625 0.47962962962962963 0.029166666666666667 0.02777777777777778
2 0.6671875 0.4625 0.013541666666666667 0.019444444444444445
4 0.4484375 0.4375 0.008333333333333333 0.02314814814814815
1 0.8575520833333333 0.46481481481481485 0.015104166666666667 0.022222222222222223
