3 0.06302083333333333 0.5125000000000001 0.03229166666666666 0.09537037037037037
4 0.2921875 0.6592592592592593 0.026041666666666668 0.03333333333333333
2 0.29453125 0.5291666666666667 0.022395833333333334 0.026851851851851852
2 0.8395833333333333 0.5712962962962963 0.020833333333333332 0.02592592592592593
3 0.7171875 0.5796296296296296 0.042708333333333334 0.044444444444444446
1 0.7247395833333333 0.5046296296296297 0.0171875 0.03518518518518519
1 0.6484375 0.46990740740740744 0.013541666666666667 0.026851851851851852
1 0.54140625 0.6050925925925926 0.024479166666666666 0.05462962962962963
0 0.4908854166666667 0.5171296296296296 0.019270833333333334 0.026851851851851852
0 0.43984375 0.47453703703703703 0.018229166666666668 0.02314814814814815
2 0.140625 0.48379629629629634 0.021875 0.025
4 0.31223958333333335 0.4814814814814815 0.018229166666666668 0.020370370370370372
4 0.5578125 0.4777777777777778 0.011458333333333333 0.031481481481481485
3 0.7671875 0.48055555555555557 0.027083333333333334 0.022222222222222223
0 0.5580729166666667 0.4398148148148148 0.009895833333333333 0.012962962962962964
