4 0.18515625 0.6699074074074074 0.033854166666666664 0.03425925925925926
1 0.45468749999999997 0.5888888888888889 0.026041666666666668 0.053703703703703705
1 0.6302083333333334 0.487962962962963 0.014583333333333334 0.02962962962962963
1 0.5611979166666666 0.45833333333333337 0.0109375 0.02592592592592593
3 0.6200520833333333 0.5541666666666667 0.03802083333333333 0.04351851851851852
2 0.7270833333333333 0.5407407407407407 0.017708333333333333 0.020370370370370372
2 0.184375 0.5342592592592593 0.027083333333333334 0.031481481481481485
4 0.20286458333333332 0.4828703703703704 0.019270833333333334 0.015740740740740743
0 0.40390624999999997 0.5111111111111112 0.019270833333333334 0.031481481481481485
0 0.34921875 0.4689814814814815 0.019270833333333334 0.021296296296296296
4 0.47265625 0.46805555555555556 0.008854166666666666 0.026851851851851852
3 0.6690104166666666 0.46342592592592596 0.022395833333333334 0.017592592592592594
0 0.47369791666666666 0.4310185185185185 0.008854166666666666 0.01388888888888889
