2 0.07421875 0.5412037037037037 0.024479166666666666 0.025
4 0.14140625 0.48240740740740745 0.019270833333333334 0.022222222222222223
1 0.3268229166666667 0.625462962962963 0.0359375 0.062037037037037036
0 0.30442708333333335 0.46620370370370373 0.021354166666666667 0.02314814814814815
0 0.3338541666666667 0.5148148148148148 0.025 0.03518518518518519
1 0.61875 0.4898148148148148 0.015625 0.03333333333333333
1 0.55234375 0.4550925925925926 0.013020833333333334 0.028703703703703703
3 0.5692708333333333 0.5745370370370371 0.0375 0.04537037037037037
2 0.7182291666666667 0.5578703703703703 0.020833333333333332 0.02314814814814815
4 0.4479166666666667 0.4666666666666667 0.009375 0.02777777777777778
0 0.47031249999999997 0.4273148148148148 0.010416666666666666 0.015740740740740743
3 0.6786458333333333 0.46296296296296297 0.025 0.020370370370370372
