2 0.15729166666666666 0.4791666666666667 0.022916666666666665 0.025
4 0.29140625 0.5217592592592593 0.018229166666666668 0.021296296296296296
3 0.3033854166666667 0.42129629629629634 0.01614583333333333 0.05740740740740741
3 0.6950520833333333 0.625462962962963 0.0296875 0.058333333333333334
1 0.8994791666666666 0.5805555555555556 0.027083333333333334 0.05
1 0.84453125 0.5143518518518518 0.019270833333333334 0.036111111111111115
1 0.45677083333333335 0.5560185185185186 0.035416666666666666 0.04351851851851852
0 0.5481770833333334 0.4967592592592593 0.018229166666666668 0.026851851851851852
0 0.5700520833333333 0.4601851851851852 0.018229166666666668 0.02777777777777778
0 0.7716145833333333 0.46342592592592596 0.011979166666666666 0.017592592592592594
4 0.4734375 0.4439814814814815 0.013541666666666667 0.017592592592592594
2 0.41015625 0.4652777777777778 0.0140625 0.021296296296296296
4 0.6984375 0.4916666666666667 0.009375 0.03518518518518519
