2 0.6268229166666667 0.6277777777777778 0.025520833333333333 0.037037037037037035
2 0.0265625 0.5305555555555556 0.021875 0.020370370370370372
4 0.11901041666666666 0.5467592592592593 0.01614583333333333 0.017592592592592594
1 0.23463541666666665 0.5546296296296297 0.033854166666666664 0.040740740740740744
3 0.40859375 0.5791666666666667 0.033854166666666664 0.04537037037037037
1 0.65703125 0.5152777777777778 0.021354166666666667 0.04351851851851852
1 0.66875 0.4666666666666667 0.016666666666666666 0.031481481481481485
3 0.875 0.4967592592592593 0.03854166666666667 0.032407407407407406
0 0.3796875 0.49212962962962964 0.020833333333333332 0.028703703703703703
0 0.43854166666666666 0.45833333333333337 0.016666666666666666 0.022222222222222223
3 0.18515625 0.4620370370370371 0.01614583333333333 0.053703703703703705
2 0.2739583333333333 0.4842592592592593 0.0125 0.016666666666666666
4 0.3575520833333333 0.45740740740740743 0.0140625 0.016666666666666666
4 0.54609375 0.4671296296296297 0.009895833333333333 0.026851851851851852
0 0.6515625 0.42962962962962964 0.011458333333333333 0.014814814814814815
