2 0.4583333333333333 0.28055555555555556 0.028125 0.02962962962962963
1 0.5815104166666667 0.1787037037037037 0.0234375 0.04814814814814815
1 0.6536458333333334 0.12638888888888888 0.01875 0.03981481481481482
0 0.3536458333333333 0.13333333333333333 0.01875 0.02777777777777778
0 0.4348958333333333 0.10046296296296296 0.016666666666666666 0.02314814814814815
3 0.30963541666666666 0.21296296296296297 0.04114583333333333 0.044444444444444446
1 0.2015625 0.17962962962962964 0.029166666666666667 0.03518518518518519
3 0.21458333333333332 0.0925925925925926 0.017708333333333333 0.05740740740740741
0 0.6838541666666667 0.0837962962962963 0.0125 0.021296296296296296
3 0.8596354166666667 0.18333333333333335 0.03177083333333333 0.04259259259259259
2 0.08697916666666666 0.1486111111111111 0.015625 0.019444444444444445
2 0.2794270833333333 0.12083333333333333 0.011979166666666666 0.015740740740740743
4 0.3690104166666667 0.0976851851851852 0.011979166666666666 0.017592592592592594
4 0.1375 0.1685185185185185 0.013541666666666667 0.016666666666666666
4 0.5317708333333333 0.1175925925925926 0.010416666666666666 0.02962962962962963
