2 0.34479166666666666 0.5453703703703704 0.04791666666666666 0.05555555555555556
1 0.6091145833333333 0.3787037037037037 0.033854166666666664 0.07222222222222223
1 0.7486979166666666 0.2976851851851852 0.0296875 0.058333333333333334
3 0.2578125 0.35879629629629634 0.058333333333333334 0.05648148148148149
1 0.20911458333333333 0.2777777777777778 0.034895833333333334 0.03518518518518519
0 0.39401041666666664 0.24444444444444446 0.018229166666666668 0.02962962962962963
0 0.8153645833333333 0.23240740740740742 0.018229166666666668 0.024074074074074074
0 0.5046875 0.21342592592592594 0.015625 0.02314814814814815
3 0.30390625 0.17685185185185187 0.01614583333333333 0.05740740740740741
4 0.5997395833333333 0.25277777777777777 0.011979166666666666 0.03333333333333333
4 0.44817708333333334 0.19953703703703704 0.015104166666666667 0.019444444444444445
2 0.34713541666666664 0.21342592592592594 0.013020833333333334 0.019444444444444445
2 0.17552083333333332 0.2152777777777778 0.014583333333333334 0.015740740740740743
