3 0.35052083333333334 0.23101851851851854 0.021875 0.07314814814814816
2 0.4239583333333333 0.3592592592592593 0.020833333333333332 0.02592592592592593
2 0.47552083333333334 0.22546296296296298 0.014583333333333334 0.015740740740740743
2 0.30364583333333334 0.2013888888888889 0.011458333333333333 0.01388888888888889
1 0.675 0.2569444444444445 0.020833333333333332 0.036111111111111115
3 0.7479166666666667 0.22824074074074074 0.025 0.028703703703703703
2 0.8015625 0.2175925925925926 0.011458333333333333 0.012962962962962964
1 0.7190104166666667 0.17407407407407408 0.0140625 0.02592592592592593
1 0.6481770833333333 0.14583333333333334 0.0109375 0.02314814814814815
0 0.58828125 0.20092592592592592 0.015104166666666667 0.02592592592592593
0 0.5114583333333333 0.1638888888888889 0.014583333333333334 0.022222222222222223
3 0.09869791666666666 0.19675925925925927 0.04114583333333333 0.032407407407407406
4 0.21692708333333333 0.4430555555555556 0.0203125 0.025
4 0.5822916666666667 0.3023148148148148 0.0125 0.017592592592592594
4 0.42473958333333334 0.18333333333333335 0.009895833333333333 0.014814814814814815
3 0.7302083333333333 0.1476851851851852 0.01875 0.01388888888888889
0 0.5541666666666667 0.1175925925925926 0.008333333333333333 0.012962962962962964
0 0.4471354166666667 0.1087962962962963 0.008854166666666666 0.017592592592592594
