1 0.5619791666666667 0.5351851851851852 0.040625 0.0925925925925926
1 0.9359375 0.5333333333333333 0.05625 0.0962962962962963
2 0.21953124999999998 0.5504629629629629 0.04010416666666666 0.04722222222222222
3 0.353125 0.362962962962963 0.051041666666666666 0.04259259259259259
0 0.5552083333333333 0.36712962962962964 0.022916666666666665 0.03981481481481482
0 0.5565104166666667 0.2939814814814815 0.0171875 0.028703703703703703
0 0.7041666666666666 0.2888888888888889 0.020833333333333332 0.02777777777777778
4 0.7684895833333333 0.3699074074074074 0.015104166666666667 0.03981481481481482
1 0.4075520833333333 0.28935185185185186 0.0234375 0.030555555555555558
2 0.553125 0.25787037037037036 0.011458333333333333 0.015740740740740743
4 0.67265625 0.25925925925925924 0.013020833333333334 0.014814814814814815
3 0.55625 0.21712962962962964 0.010416666666666666 0.04166666666666667
4 0.4359375 0.25972222222222224 0.011458333333333333 0.015740740740740743
2 0.45807291666666666 0.23333333333333334 0.011979166666666666 0.012962962962962964
