1 0.5611979166666666 0.5365740740740741 0.0390625 0.08796296296296297
1 0.9356770833333333 0.5351851851851852 0.05260416666666667 0.09814814814814815
2 0.21927083333333333 0.5504629629629629 0.03854166666666667 0.03981481481481482
3 0.3528645833333333 0.36388888888888893 0.0515625 0.0462962962962963
0 0.5546875 0.3666666666666667 0.025 0.03888888888888889
0 0.55625 0.2949074074074074 0.01875 0.028703703703703703
0 0.7046875 0.2888888888888889 0.019791666666666666 0.02777777777777778
1 0.4075520833333333 0.2888888888888889 0.024479166666666666 0.02777777777777778
4 0.76875 0.3685185185185185 0.013541666666666667 0.03888888888888889
2 0.5533854166666666 0.25787037037037036 0.0140625 0.017592592592592594
3 0.5559895833333334 0.21712962962962964 0.009895833333333333 0.04351851851851852
4 0.6721354166666667 0.25925925925925924 0.015104166666666667 0.014814814814814815
4 0.4354166666666667 0.25972222222222224 0.009375 0.01388888888888889
2 0.4583333333333333 0.2337962962962963 0.010416666666666666 0.01388888888888889
