1 0.5457031250000001 0.6673611111111112 0.06328125 0.16527777777777777
0 0.33984375 0.3625 0.0390625 0.05555555555555556
0 0.27734375 0.2520833333333333 0.028125 0.043055555555555555
4 0.587109375 0.2576388888888889 0.01640625 0.04583333333333334
4 0.49375 0.18472222222222223 0.0171875 0.022222222222222223
1 0.48046875 0.14722222222222223 0.018750000000000003 0.03888888888888889
0 0.523046875 0.14375000000000002 0.01640625 0.02638888888888889
2 0.051953125 0.21666666666666667 0.01640625 0.022222222222222223
4 0.0203125 0.26875 0.015625 0.020833333333333336
2 0.5265625 0.16875 0.0171875 0.018055555555555557
3 0.44609375 0.1625 0.0125 0.025
