2 0.064453125 0.882638888888889 0.09765625 0.10138888888888889
1 0.8636718750000001 0.5791666666666667 0.10546875 0.19444444444444445
3 0.278515625 0.29444444444444445 0.08671875000000001 0.075
1 0.32890625 0.15763888888888888 0.040625 0.04861111111111111
0 0.60859375 0.2263888888888889 0.035937500000000004 0.05
0 0.5453125 0.125 0.0234375 0.04166666666666667
4 0.88671875 0.16458333333333333 0.018750000000000003 0.04861111111111111
2 0.796875 0.06597222222222222 0.018750000000000003 0.020833333333333336
1 0.7421875 0.03958333333333333 0.0171875 0.0375
4 0.757421875 0.07986111111111112 0.02109375 0.02361111111111111
0 0.7917968750000001 0.03819444444444445 0.01953125 0.029166666666666667
3 0.7035156250000001 0.05347222222222223 0.013281250000000001 0.029166666666666667
