1 0.4184895833333333 0.23842592592592593 0.03802083333333333 0.08796296296296297
0 0.22083333333333333 0.18796296296296297 0.029166666666666667 0.0462962962962963
3 0.08984375 0.15972222222222224 0.0671875 0.04351851851851852
2 0.022135416666666668 0.13703703703703704 0.022395833333333334 0.02777777777777778
1 0.4005208333333333 0.11296296296296297 0.020833333333333332 0.044444444444444446
2 0.31640625 0.06064814814814815 0.015104166666666667 0.017592592592592594
0 0.7723958333333333 0.35000000000000003 0.04895833333333333 0.07777777777777778
1 0.8158854166666667 0.10787037037037038 0.0265625 0.05092592592592593
2 0.7934895833333333 0.19398148148148148 0.0234375 0.026851851851851852
4 0.6348958333333333 0.1 0.017708333333333333 0.018518518518518517
3 0.5591145833333333 0.14305555555555557 0.030729166666666665 0.04351851851851852
3 0.49765624999999997 0.07592592592592592 0.019270833333333334 0.031481481481481485
