3 0.09348958333333333 0.15046296296296297 0.06614583333333333 0.04351851851851852
0 0.22239583333333332 0.1851851851851852 0.030208333333333334 0.044444444444444446
2 0.023177083333333334 0.13518518518518519 0.024479166666666666 0.02777777777777778
1 0.4192708333333333 0.23472222222222222 0.03854166666666667 0.09351851851851853
1 0.4010416666666667 0.10740740740740741 0.021875 0.044444444444444446
3 0.5598958333333334 0.13657407407407407 0.03333333333333333 0.04722222222222222
3 0.49765624999999997 0.07037037037037037 0.0203125 0.03333333333333333
2 0.3169270833333333 0.05555555555555556 0.01614583333333333 0.020370370370370372
0 0.7723958333333333 0.34351851851851856 0.053125 0.07962962962962963
2 0.7953125 0.18611111111111112 0.026041666666666668 0.03333333333333333
1 0.8177083333333334 0.0976851851851852 0.027083333333333334 0.05277777777777778
4 0.6354166666666666 0.09351851851851853 0.01875 0.018518518518518517
