4 0.09557291666666666 0.44583333333333336 0.0140625 0.021296296296296296
4 0.5697916666666667 0.3592592592592593 0.013541666666666667 0.016666666666666666
2 0.34921875 0.3962962962962963 0.027604166666666666 0.02777777777777778
3 0.34479166666666666 0.23935185185185187 0.022916666666666665 0.07314814814814816
2 0.49453125 0.24814814814814815 0.01614583333333333 0.020370370370370372
0 0.5705729166666667 0.1865740740740741 0.0171875 0.02314814814814815
0 0.6385416666666667 0.23611111111111113 0.01875 0.02962962962962963
1 0.71796875 0.3199074074074074 0.0234375 0.04537037037037037
3 0.8401041666666667 0.2986111111111111 0.036458333333333336 0.03796296296296296
1 0.8291666666666666 0.22222222222222224 0.017708333333333333 0.03333333333333333
1 0.7497395833333333 0.17731481481481481 0.0140625 0.028703703703703703
2 0.934375 0.2925925925925926 0.015625 0.018518518518518517
3 0.16041666666666665 0.18101851851851852 0.04895833333333333 0.03425925925925926
0 0.6497395833333334 0.13657407407407407 0.0109375 0.017592592592592594
3 0.8619791666666666 0.18981481481481483 0.027083333333333334 0.024074074074074074
0 0.53515625 0.11944444444444445 0.009895833333333333 0.020370370370370372
4 0.46822916666666664 0.19675925925925927 0.010416666666666666 0.017592592592592594
