4 0.5244791666666666 0.6555555555555556 0.046875 0.11851851851851852
2 0.8111979166666666 0.3458333333333333 0.0484375 0.06574074074074074
1 0.9286458333333333 0.21944444444444444 0.04375 0.07592592592592592
1 0.278125 0.26990740740740743 0.05416666666666667 0.10833333333333334
3 0.54921875 0.1912037037037037 0.030729166666666665 0.058333333333333334
4 0.69921875 0.15833333333333333 0.028645833333333332 0.03333333333333333
3 0.5630208333333333 0.09675925925925927 0.025 0.036111111111111115
3 0.15494791666666666 0.10648148148148148 0.049479166666666664 0.037037037037037035
0 0.20260416666666667 0.15925925925925927 0.030208333333333334 0.05185185185185186
0 0.3528645833333333 0.08009259259259259 0.022395833333333334 0.03425925925925926
0 0.47578125 0.07175925925925926 0.01614583333333333 0.026851851851851852
2 0.4205729166666667 0.05092592592592593 0.0171875 0.018518518518518517
1 0.4265625 0.11712962962962964 0.027083333333333334 0.04166666666666667
2 0.14322916666666666 0.07268518518518519 0.020833333333333332 0.021296296296296296
