4 0.42291666666666666 0.500462962962963 0.042708333333333334 0.06574074074074074
4 0.01015625 0.18333333333333335 0.019270833333333334 0.02962962962962963
4 0.11458333333333333 0.12268518518518519 0.022916666666666665 0.025
4 0.19583333333333333 0.08194444444444444 0.01875 0.026851851851851852
4 0.24713541666666666 0.05555555555555556 0.019270833333333334 0.024074074074074074
1 0.4359375 0.1912037037037037 0.035416666666666666 0.0787037037037037
2 0.9286458333333333 0.4 0.06875 0.06481481481481481
4 0.9515625 0.1625 0.028125 0.026851851851851852
3 0.7049479166666667 0.16898148148148148 0.03697916666666667 0.05648148148148149
3 0.8036458333333333 0.08055555555555556 0.035416666666666666 0.03518518518518519
0 0.4466145833333333 0.11018518518518519 0.0203125 0.037037037037037035
1 0.6348958333333333 0.09027777777777778 0.027083333333333334 0.03981481481481482
0 0.7252604166666666 0.04861111111111111 0.013020833333333334 0.025
2 0.6828125 0.02962962962962963 0.016666666666666666 0.018518518518518517
3 0.44505208333333335 0.06759259259259259 0.0265625 0.02777777777777778
2 0.4552083333333333 0.04490740740740741 0.015625 0.015740740740740743
0 0.5966145833333333 0.055092592592592596 0.018229166666666668 0.026851851851851852
4 0.5734375 0.03888888888888889 0.010416666666666666 0.016666666666666666
