4 0.038802083333333334 0.5407407407407407 0.06302083333333333 0.07592592592592592
2 0.5440104166666666 0.34120370370370373 0.05260416666666667 0.05648148148148149
4 0.5966145833333333 0.17407407407407408 0.024479166666666666 0.02777777777777778
1 0.7723958333333333 0.24675925925925926 0.03854166666666667 0.0712962962962963
1 0.08463541666666667 0.22453703703703703 0.05572916666666666 0.09166666666666667
3 0.3989583333333333 0.1851851851851852 0.03958333333333333 0.053703703703703705
3 0.5005208333333333 0.11203703703703705 0.03229166666666666 0.03518518518518519
1 0.3442708333333333 0.11898148148148148 0.029166666666666667 0.04166666666666667
0 0.11510416666666666 0.13842592592592592 0.029166666666666667 0.04722222222222222
0 0.3104166666666667 0.08425925925925926 0.021875 0.031481481481481485
3 0.11822916666666666 0.09074074074074075 0.0375 0.03333333333333333
2 0.13671875 0.06620370370370371 0.022395833333333334 0.019444444444444445
0 0.44036458333333334 0.08287037037037037 0.013020833333333334 0.02314814814814815
2 0.40546875 0.06481481481481481 0.01614583333333333 0.014814814814814815
4 0.2890625 0.06620370370370371 0.0125 0.015740740740740743
