4 0.2986979166666667 0.6550925925925927 0.0546875 0.10833333333333334
2 0.80625 0.41203703703703703 0.071875 0.07777777777777778
3 0.5880208333333333 0.22037037037037038 0.035416666666666666 0.05925925925925926
1 0.3106770833333333 0.28750000000000003 0.0421875 0.08425925925925926
4 0.803125 0.18101851851851852 0.029166666666666667 0.028703703703703703
3 0.6723958333333333 0.12453703703703704 0.030208333333333334 0.03425925925925926
0 0.3255208333333333 0.19768518518518519 0.022916666666666665 0.03796296296296296
1 0.5184895833333333 0.15324074074074073 0.028645833333333332 0.04166666666666667
3 0.3221354166666667 0.1527777777777778 0.0328125 0.02962962962962963
0 0.4796875 0.12314814814814816 0.01875 0.02962962962962963
0 0.6020833333333333 0.10370370370370371 0.014583333333333334 0.024074074074074074
2 0.5614583333333333 0.08935185185185185 0.016666666666666666 0.015740740740740743
2 0.3338541666666667 0.12731481481481483 0.015625 0.017592592592592594
