2 0.8013020833333333 0.513425925925926 0.06510416666666667 0.05648148148148149
1 0.31666666666666665 0.41203703703703703 0.041666666666666664 0.08518518518518518
4 0.29140625 0.7842592592592593 0.049479166666666664 0.09444444444444444
3 0.5848958333333333 0.3388888888888889 0.03229166666666666 0.053703703703703705
4 0.7893229166666667 0.2939814814814815 0.024479166666666666 0.021296296296296296
1 0.51796875 0.2796296296296296 0.025520833333333333 0.037037037037037035
0 0.3333333333333333 0.3277777777777778 0.021875 0.03518518518518519
3 0.66328125 0.24814814814814815 0.028645833333333332 0.031481481481481485
0 0.5955729166666667 0.23148148148148148 0.011979166666666666 0.020370370370370372
2 0.5583333333333333 0.22083333333333335 0.014583333333333334 0.01388888888888889
0 0.4825520833333333 0.25416666666666665 0.0171875 0.026851851851851852
3 0.33359375 0.2851851851851852 0.027604166666666666 0.024074074074074074
2 0.34401041666666665 0.26342592592592595 0.0140625 0.015740740740740743
4 0.45989583333333334 0.24212962962962964 0.0125 0.01388888888888889
4 0.0453125 0.34120370370370373 0.019791666666666666 0.019444444444444445
4 0.10781249999999999 0.30694444444444446 0.01875 0.019444444444444445
