2 0.6190104166666667 0.5777777777777778 0.07135416666666666 0.06666666666666667
1 0.9658854166666666 0.3976851851851852 0.058854166666666666 0.10833333333333334
1 0.14947916666666666 0.4291666666666667 0.053125 0.08796296296296297
4 0.01614583333333333 0.28564814814814815 0.019791666666666666 0.019444444444444445
4 0.7041666666666666 0.30694444444444446 0.026041666666666668 0.028703703703703703
3 0.47109375 0.3513888888888889 0.043229166666666666 0.05277777777777778
3 0.5947916666666666 0.24953703703703706 0.030208333333333334 0.030555555555555558
0 0.5385416666666667 0.2263888888888889 0.011458333333333333 0.019444444444444445
0 0.41510416666666666 0.2449074074074074 0.017708333333333333 0.026851851851851852
1 0.4348958333333333 0.27685185185185185 0.026041666666666668 0.037037037037037035
2 0.5088541666666666 0.2125 0.013541666666666667 0.01388888888888889
4 0.40234375 0.2300925925925926 0.0109375 0.01388888888888889
2 0.27578125 0.2476851851851852 0.0171875 0.015740740740740743
3 0.24947916666666667 0.2726851851851852 0.027083333333333334 0.025
0 0.22578125 0.32175925925925924 0.0234375 0.036111111111111115
