4 0.08802083333333333 0.5175925925925926 0.059375 0.053703703703703705
2 0.5752604166666666 0.4444444444444445 0.06822916666666666 0.07222222222222223
1 0.9690104166666667 0.37453703703703706 0.06197916666666667 0.10833333333333334
1 0.26119791666666664 0.2625 0.03802083333333333 0.06944444444444445
1 0.5083333333333333 0.18333333333333335 0.02395833333333333 0.03333333333333333
3 0.5182291666666666 0.25 0.04375 0.0462962962962963
3 0.6669270833333333 0.18055555555555555 0.033854166666666664 0.031481481481481485
0 0.33125 0.19305555555555556 0.019791666666666666 0.03425925925925926
0 0.5015625 0.15185185185185185 0.015625 0.02592592592592593
0 0.62265625 0.15 0.011979166666666666 0.020370370370370372
4 0.7544270833333333 0.2513888888888889 0.028645833333333332 0.030555555555555558
3 0.35833333333333334 0.15694444444444444 0.022916666666666665 0.025
2 0.6002604166666666 0.13333333333333333 0.0140625 0.012962962962962964
2 0.3848958333333333 0.13796296296296298 0.014583333333333334 0.014814814814814815
4 0.4966145833333333 0.13611111111111113 0.009895833333333333 0.012962962962962964
4 0.125 0.15833333333333333 0.016666666666666666 0.018518518518518517
4 0.184375 0.1388888888888889 0.017708333333333333 0.020370370370370372
4 0.03203125 0.19212962962962965 0.015104166666666667 0.025
