2 0.08880208333333334 0.46851851851851856 0.0390625 0.03518518518518519
3 0.15989583333333332 0.27361111111111114 0.034375 0.08981481481481482
2 0.19609375 0.22777777777777777 0.0171875 0.020370370370370372
2 0.35104166666666664 0.2763888888888889 0.019791666666666666 0.02314814814814815
4 0.38567708333333334 0.4083333333333333 0.0203125 0.018518518518518517
1 0.57578125 0.35555555555555557 0.0265625 0.05
0 0.5223958333333333 0.2587962962962963 0.020833333333333332 0.030555555555555558
0 0.46640624999999997 0.20555555555555557 0.0171875 0.02777777777777778
3 0.7276041666666666 0.32407407407407407 0.034375 0.04259259259259259
1 0.7416666666666667 0.2388888888888889 0.01875 0.03333333333333333
1 0.6690104166666666 0.19444444444444445 0.015104166666666667 0.031481481481481485
2 0.8403645833333333 0.3148148148148148 0.0171875 0.020370370370370372
3 0.7877604166666666 0.20324074074074075 0.027604166666666666 0.02314814814814815
0 0.5776041666666667 0.15185185185185185 0.010416666666666666 0.018518518518518517
4 0.34921875 0.21851851851851853 0.0140625 0.020370370370370372
