1 0.8989583333333333 0.3055555555555556 0.051041666666666666 0.0925925925925926
0 0.9377604166666667 0.1513888888888889 0.021354166666666667 0.032407407407407406
0 0.8020833333333334 0.20601851851851852 0.02395833333333333 0.03981481481481482
3 0.7546875 0.15787037037037038 0.036458333333333336 0.028703703703703703
4 0.8747395833333333 0.13148148148148148 0.01614583333333333 0.020370370370370372
2 0.73671875 0.13518518518518519 0.0171875 0.016666666666666666
4 0.4028645833333333 0.2351851851851852 0.025520833333333333 0.02592592592592593
4 0.46041666666666664 0.19074074074074074 0.015625 0.022222222222222223
4 0.5018229166666667 0.1587962962962963 0.015104166666666667 0.019444444444444445
4 0.5296875 0.1398148148148148 0.017708333333333333 0.020370370370370372
