4 0.4041666666666667 0.23564814814814816 0.025 0.030555555555555558
4 0.46015625 0.18981481481481483 0.022395833333333334 0.031481481481481485
4 0.5018229166666667 0.15972222222222224 0.021354166666666667 0.030555555555555558
4 0.5291666666666667 0.14120370370370372 0.019791666666666666 0.026851851851851852
1 0.8973958333333333 0.3055555555555556 0.05 0.09074074074074075
0 0.8020833333333334 0.20324074074074075 0.02395833333333333 0.03796296296296296
3 0.7546875 0.1587962962962963 0.036458333333333336 0.030555555555555558
0 0.9380208333333333 0.1513888888888889 0.02395833333333333 0.03425925925925926
2 0.7364583333333333 0.13518518518518519 0.016666666666666666 0.016666666666666666
4 0.8744791666666667 0.13240740740740742 0.017708333333333333 0.018518518518518517
