4 0.975 0.6013888888888889 0.04583333333333333 0.11574074074074074
4 0.18125 0.2962962962962963 0.03958333333333333 0.0462962962962963
4 0.2505208333333333 0.23240740740740742 0.025 0.031481481481481485
4 0.29921875 0.19212962962962965 0.0234375 0.032407407407407406
4 0.3294270833333333 0.16805555555555557 0.0203125 0.025
1 0.684375 0.27685185185185185 0.03125 0.07962962962962963
3 0.93203125 0.23981481481481481 0.033854166666666664 0.05555555555555556
3 0.9291666666666667 0.15833333333333333 0.03333333333333333 0.037037037037037035
0 0.8153645833333333 0.1328703703703704 0.0140625 0.02314814814814815
1 0.7778645833333333 0.17314814814814816 0.0265625 0.037037037037037035
3 0.5565104166666667 0.16527777777777777 0.03177083333333333 0.025
0 0.6981770833333333 0.14444444444444446 0.0171875 0.02592592592592593
2 0.7515625 0.11805555555555557 0.015625 0.017592592592592594
4 0.6505208333333333 0.1328703703703704 0.014583333333333334 0.017592592592592594
2 0.5388020833333333 0.14537037037037037 0.015104166666666667 0.016666666666666666
0 0.60078125 0.20324074074074075 0.019270833333333334 0.03425925925925926
