4 0.4302083333333333 0.7208333333333333 0.07708333333333334 0.09166666666666667
4 0.6067708333333334 0.6143518518518519 0.04375 0.10462962962962963
4 0.6018229166666667 0.475462962962963 0.04114583333333333 0.0787037037037037
4 0.5177083333333333 0.5166666666666667 0.0375 0.08888888888888889
1 0.74765625 0.2953703703703704 0.034895833333333334 0.08148148148148149
1 0.8591145833333333 0.19768518518518519 0.0296875 0.04166666666666667
0 0.66796875 0.2152777777777778 0.022395833333333334 0.03425925925925926
0 0.7747395833333334 0.16296296296296298 0.019270833333333334 0.02962962962962963
0 0.9057291666666667 0.15925925925925927 0.016666666666666666 0.02777777777777778
2 0.8356770833333333 0.14027777777777778 0.01614583333333333 0.017592592592592594
3 0.6263020833333334 0.17546296296296296 0.03177083333333333 0.026851851851851852
2 0.6098958333333333 0.1550925925925926 0.014583333333333334 0.01388888888888889
4 0.7247395833333333 0.1486111111111111 0.01614583333333333 0.017592592592592594
