4 0.43046875 0.4620370370370371 0.03802083333333333 0.053703703703703705
4 0.46197916666666666 0.5435185185185185 0.058333333333333334 0.05555555555555556
4 0.546875 0.40740740740740744 0.028125 0.05740740740740741
4 0.30364583333333334 0.48333333333333334 0.04895833333333333 0.061111111111111116
1 0.74765625 0.2939814814814815 0.0359375 0.08055555555555556
1 0.8591145833333333 0.19675925925925927 0.030729166666666665 0.04166666666666667
0 0.9052083333333333 0.15694444444444444 0.014583333333333334 0.025
0 0.7747395833333334 0.16296296296296298 0.0171875 0.02777777777777778
0 0.6677083333333333 0.2138888888888889 0.019791666666666666 0.03518518518518519
3 0.6265625 0.17500000000000002 0.03125 0.02777777777777778
4 0.7252604166666666 0.1462962962962963 0.015104166666666667 0.014814814814814815
2 0.8361979166666667 0.1375 0.01614583333333333 0.017592592592592594
2 0.6098958333333333 0.15416666666666667 0.016666666666666666 0.015740740740740743
