1 0.5028645833333333 0.38796296296296295 0.0296875 0.05555555555555556
2 0.02395833333333333 0.4277777777777778 0.035416666666666666 0.037037037037037035
4 0.28802083333333334 0.4134259259259259 0.019791666666666666 0.021296296296296296
2 0.33046875 0.28101851851851856 0.018229166666666668 0.026851851851851852
3 0.16171875 0.2625 0.0359375 0.0712962962962963
0 0.4778645833333333 0.2212962962962963 0.01614583333333333 0.02592592592592593
0 0.5044270833333333 0.27870370370370373 0.0203125 0.031481481481481485
3 0.7044270833333334 0.3768518518518519 0.033854166666666664 0.05185185185185186
1 0.775 0.27731481481481485 0.019791666666666666 0.03796296296296296
1 0.7104166666666667 0.22037037037037038 0.014583333333333334 0.03333333333333333
2 0.8708333333333333 0.3814814814814815 0.01875 0.02777777777777778
3 0.86015625 0.24444444444444446 0.030729166666666665 0.031481481481481485
2 0.22734374999999998 0.2240740740740741 0.0203125 0.018518518518518517
4 0.36302083333333335 0.225 0.014583333333333334 0.020370370370370372
3 0.0828125 0.1962962962962963 0.05 0.02777777777777778
0 0.6283854166666667 0.17222222222222222 0.0109375 0.016666666666666666
0 0.509375 0.1527777777777778 0.010416666666666666 0.018518518518518517
