0 0.27057291666666666 0.2990740740740741 0.030729166666666665 0.0462962962962963
2 0.3497395833333333 0.3023148148148148 0.024479166666666666 0.030555555555555558
2 0.34270833333333334 0.27037037037037037 0.03125 0.03333333333333333
0 0.3734375 0.24074074074074076 0.021875 0.03518518518518519
1 0.5169270833333334 0.23101851851851854 0.028645833333333332 0.04166666666666667
0 0.8778645833333333 0.20046296296296298 0.03177083333333333 0.04166666666666667
0 0.9684895833333333 0.13703703703703704 0.0234375 0.03333333333333333
3 0.7872395833333333 0.1513888888888889 0.0421875 0.030555555555555558
2 0.7463541666666667 0.12824074074074074 0.019791666666666666 0.021296296296296296
4 0.8817708333333333 0.11944444444444445 0.01875 0.020370370370370372
