1 0.4049479166666667 0.23750000000000002 0.0265625 0.04166666666666667
1 0.49635416666666665 0.2263888888888889 0.03229166666666666 0.04166666666666667
2 0.5669270833333333 0.21064814814814817 0.0265625 0.028703703703703703
0 0.5236979166666667 0.16898148148148148 0.0140625 0.028703703703703703
0 0.43776041666666665 0.1962962962962963 0.018229166666666668 0.02777777777777778
2 0.47291666666666665 0.16990740740740742 0.017708333333333333 0.021296296296296296
3 0.7877604166666666 0.1513888888888889 0.0421875 0.030555555555555558
0 0.8781249999999999 0.19861111111111113 0.030208333333333334 0.04351851851851852
0 0.96875 0.13564814814814816 0.022916666666666665 0.032407407407407406
2 0.7466145833333333 0.1277777777777778 0.0171875 0.016666666666666666
4 0.8817708333333333 0.11851851851851852 0.016666666666666666 0.018518518518518517
