3 0.5338541666666666 0.37962962962962965 0.026041666666666668 0.05185185185185186
4 0.10130208333333333 0.3675925925925926 0.019270833333333334 0.022222222222222223
3 0.06458333333333333 0.21851851851851853 0.03333333333333333 0.07592592592592592
3 0.053125 0.15925925925925927 0.04375 0.02962962962962963
2 0.22291666666666665 0.25092592592592594 0.013541666666666667 0.018518518518518517
1 0.309375 0.36342592592592593 0.034375 0.05092592592592593
0 0.3893229166666667 0.2625 0.0234375 0.030555555555555558
0 0.40520833333333334 0.20601851851851852 0.022916666666666665 0.026851851851851852
1 0.6838541666666667 0.29074074074074074 0.019791666666666666 0.03888888888888889
1 0.64921875 0.2263888888888889 0.015104166666666667 0.03425925925925926
2 0.7328125 0.4064814814814815 0.016666666666666666 0.02592592592592593
3 0.81328125 0.2657407407407408 0.0296875 0.031481481481481485
0 0.5940104166666667 0.1726851851851852 0.0109375 0.019444444444444445
2 0.16588541666666667 0.19166666666666668 0.0171875 0.018518518518518517
4 0.2903645833333333 0.20185185185185187 0.01614583333333333 0.018518518518518517
