4 0.10833333333333334 0.31712962962962965 0.016666666666666666 0.019444444444444445
2 0.24453125 0.22546296296296298 0.011979166666666666 0.021296296296296296
3 0.12526041666666665 0.19166666666666668 0.028645833333333332 0.06666666666666667
3 0.14817708333333332 0.1439814814814815 0.034895833333333334 0.025
3 0.46510416666666665 0.36574074074074076 0.021875 0.05740740740740741
1 0.26484375 0.33101851851851855 0.033854166666666664 0.04722222222222222
0 0.3794270833333333 0.24629629629629632 0.019270833333333334 0.031481481481481485
0 0.41953124999999997 0.19398148148148148 0.018229166666666668 0.026851851851851852
2 0.6739583333333333 0.41805555555555557 0.017708333333333333 0.032407407407407406
1 0.6682291666666667 0.29212962962962963 0.021875 0.04166666666666667
1 0.6611979166666666 0.225 0.01614583333333333 0.03518518518518519
0 0.62890625 0.16944444444444445 0.0109375 0.016666666666666666
3 0.84375 0.2763888888888889 0.03229166666666666 0.03425925925925926
4 0.3221354166666667 0.1865740740740741 0.0140625 0.017592592592592594
4 0.5390625 0.21435185185185185 0.008333333333333333 0.02314814814814815
