1 0.4959677419354839 0.43817204301075274 0.09274193548387097 0.08870967741935484
3 0.7091733870967741 0.6095430107526882 0.09375 0.1760752688172043
0 0.6411290322580645 0.3588709677419355 0.046370967741935484 0.06720430107526883
0 0.6950604838709677 0.26075268817204306 0.035282258064516125 0.043010752688172046
0 0.8704637096774194 0.28763440860215056 0.047379032258064516 0.040322580645161296
2 0.3397177419354839 0.33938172043010756 0.03629032258064516 0.038978494623655914
2 0.3039314516129032 0.25 0.029233870967741934 0.024193548387096777
4 0.3553427419354839 0.27755376344086025 0.025201612903225805 0.017473118279569894
2 0.6179435483870968 0.24193548387096775 0.028225806451612902 0.024193548387096777
1 0.8261088709677419 0.2103494623655914 0.03326612903225806 0.03091397849462366
