1 0.4501008064516129 0.5168010752688172 0.09778225806451613 0.10618279569892473
3 0.8397177419354839 0.6915322580645162 0.16330645161290322 0.22177419354838712
0 0.5262096774193549 0.3991935483870968 0.04435483870967742 0.06451612903225806
0 0.65625 0.3125 0.04032258064516129 0.038978494623655914
0 0.4879032258064516 0.28763440860215056 0.03225806451612903 0.040322580645161296
2 0.15725806451612903 0.4005376344086022 0.056451612903225805 0.0456989247311828
4 0.11139112903225806 0.31854838709677424 0.037298387096774195 0.024193548387096777
2 0.38911290322580644 0.2688172043010753 0.024193548387096774 0.021505376344086023
1 0.5619959677419355 0.23723118279569894 0.03326612903225806 0.028225806451612906
2 0.026713709677419355 0.28897849462365593 0.05141129032258064 0.043010752688172046
