1 0.797883064516129 0.5315860215053764 0.12399193548387097 0.1948924731182796
0 0.3492943548387097 0.43884408602150543 0.07157258064516128 0.08736559139784947
0 0.10131048387096774 0.364247311827957 0.07358870967741936 0.07795698924731183
0 0.4173387096774193 0.21505376344086025 0.04032258064516129 0.051075268817204304
2 0.6461693548387096 0.24395161290322584 0.04032258064516129 0.038978494623655914
2 0.17036290322580644 0.27755376344086025 0.05846774193548387 0.05241935483870968
3 0.8397177419354839 0.18750000000000003 0.04032258064516129 0.05241935483870968
3 0.15524193548387097 0.1532258064516129 0.03225806451612903 0.03494623655913979
2 0.4097782258064516 0.1599462365591398 0.02721774193548387 0.02688172043010753
4 0.578125 0.17271505376344087 0.025201612903225805 0.020161290322580648
4 0.38860887096774194 0.19153225806451615 0.02721774193548387 0.020161290322580648
2 0.6754032258064516 0.165994623655914 0.04233870967741935 0.03091397849462366
