1 0.5272177419354839 0.48723118279569894 0.09274193548387097 0.09274193548387097
2 0.6950604838709677 0.3602150537634409 0.04939516129032258 0.03494623655913979
3 0.3543346774193548 0.35685483870967744 0.07762096774193548 0.06317204301075269
0 0.4440524193548387 0.28293010752688175 0.03125 0.038978494623655914
0 0.6648185483870968 0.25806451612903225 0.035282258064516125 0.03494623655913979
0 0.5625 0.239247311827957 0.026209677419354836 0.02956989247311828
0 0.7242943548387096 0.2110215053763441 0.029233870967741934 0.02688172043010753
2 0.530241935483871 0.22916666666666669 0.02217741935483871 0.01478494623655914
2 0.26864919354838707 0.27150537634408606 0.02721774193548387 0.02688172043010753
2 0.28427419354838707 0.228494623655914 0.024193548387096774 0.024193548387096777
4 0.30997983870967744 0.24193548387096775 0.025201612903225805 0.01881720430107527
4 0.8119959677419355 0.2567204301075269 0.029233870967741934 0.01881720430107527
