1 0.5574596774193549 0.4522849462365592 0.0846774193548387 0.09005376344086022
3 0.24294354838709678 0.36693548387096775 0.0625 0.07258064516129033
2 0.5554435483870968 0.31787634408602156 0.04032258064516129 0.03091397849462366
0 0.2474798387096774 0.27620967741935487 0.035282258064516125 0.04435483870967742
0 0.3130040322580645 0.217741935483871 0.03326612903225806 0.02688172043010753
0 0.4279233870967742 0.22446236559139787 0.03125 0.02956989247311828
2 0.2590725806451613 0.20833333333333334 0.024193548387096774 0.021505376344086023
1 0.4329637096774193 0.176747311827957 0.025201612903225805 0.025537634408602152
2 0.016129032258064516 0.290994623655914 0.03024193548387097 0.03360215053763441
4 0.01965725806451613 0.2513440860215054 0.035282258064516125 0.02688172043010753
4 0.5453629032258064 0.21303763440860216 0.028225806451612902 0.025537634408602152
